   0.0    0.11651    0.26517
   1.0   -0.11826    0.18489
   2.0    0.02247   -0.02540
   3.0    0.06417    0.13327
   4.0    0.02413    0.07219
   5.0    0.15959    0.14386
   6.0   -0.04592    0.32646
   7.0   -0.17062    0.09919
   8.0   -0.04991    0.09959
   9.0   -0.16939    0.07331
  10.0   -0.01273   -0.07268
  11.0    0.06018    0.17451
  12.0   -0.13625    0.16107
  13.0   -0.10291    0.07742
  14.0   -0.17478    0.15607
  15.0   -0.27170   -0.10621
  16.0    0.00511   -0.09019
  17.0   -0.08745    0.04994
  18.0   -0.04644   -0.05154
  19.0   -0.03124    0.12180
  20.0   -0.31017    0.03622
  21.0   -0.17084   -0.18439
  22.0   -0.08586   -0.07544
  23.0   -0.11010   -0.19393
  24.0    0.13386   -0.11975
  25.0   -0.06632    0.07657
  26.0   -0.14243   -0.11812
  27.0   -0.03433   -0.09262
  28.0   -0.19450   -0.15490
  100.0    0.27109   -0.14397
  101.0    0.18265    0.00064
  102.0    0.22061   -0.06737
  103.0    0.26461    0.16051
  104.0   -0.00807    0.11719
  105.0    0.13353   -0.06238
  106.0    0.12800    0.05840
  107.0    0.12289   -0.06156
  108.0    0.35030    0.03682
  109.0    0.17582    0.26114
  110.0    0.03449    0.10872
  111.0    0.09904    0.17273
  112.0   -0.09387    0.10976
  113.0    0.10466   -0.06656
  114.0    0.22149    0.16461
  115.0    0.06035    0.16280
  116.0    0.10976    0.17566
  117.0   -0.03504    0.30736
  118.0   -0.17611    0.04623
  119.0    0.06318    0.04546
  120.0   -0.04013    0.11865
  121.0    0.06465    0.02170
  122.0    0.09738    0.25811
  123.0   -0.17187    0.21427
  124.0   -0.10901    0.04230
  125.0   -0.15084    0.11812
  126.0   -0.15038   -0.07678
  127.0    0.07227   -0.01712
  128.0   -0.08247    0.17678
  129.0   -0.13970    0.03466
  130.0   -0.09886    0.11820
  131.0   -0.29036    0.01748
  132.0   -0.09909   -0.20276
  133.0   -0.02700   -0.02712
  134.0   -0.08520   -0.07075
  135.0    0.01742   -0.03374
  136.0   -0.15944    0.11525
  137.0   -0.26510   -0.14243
  138.0   -0.05437   -0.15530
  139.0   -0.11474   -0.14118
  140.0    0.05470   -0.26134
  141.0    0.12194   -0.00919
  142.0   -0.10840   -0.02803
  143.0   -0.02000   -0.14784
  144.0   -0.05366   -0.06671
  145.0   -0.07015   -0.29077
  146.0    0.19803   -0.23819
  147.0    0.10146   -0.04916
  148.0    0.08748   -0.14464
  149.0    0.11546    0.00899
  150.0   -0.08594   -0.06698
  151.0    0.05964   -0.27120
  152.0    0.15964   -0.10865
  153.0    0.10809   -0.16355
  154.0    0.32895   -0.07420
  155.0    0.11062    0.12955
  156.0    0.01744   -0.07299
  157.0    0.17585   -0.04775
  158.0    0.07343   -0.05629
  159.0    0.21565   -0.18109
  160.0    0.33105    0.09157
  161.0    0.10598    0.10708
  162.0    0.17010    0.05959
  163.0    0.07636    0.16942
  164.0    0.00807   -0.06718
  165.0    0.27264   -0.02633
  166.0    0.15342    0.13504
  167.0    0.20258    0.06101
  168.0    0.17292    0.26547
  169.0   -0.07813    0.20580
  170.0    0.03931    0.00865
  171.0    0.04926    0.13199
  172.0    0.03882    0.02283
  173.0    0.24584    0.11092
  174.0    0.04523    0.31976
  175.0   -0.08826    0.13828
  176.0   -0.01000    0.17325
  177.0   -0.18256    0.10811
  178.0   -0.01537   -0.06947
  179.0    0.08648    0.16071
  180.0   -0.07632    0.15092
  181.0   -0.00518    0.13038
  182.0   -0.15529    0.23739
  183.0   -0.24693   -0.03630
  184.0   -0.02055   -0.04208
  185.0   -0.11178    0.04419
  186.0   -0.02556   -0.05645
  187.0   -0.00237    0.16068
  188.0   -0.23679    0.10021
  189.0   -0.17924   -0.09267
  190.0   -0.15288   -0.01402
  191.0   -0.18648   -0.19074
  192.0    0.10514   -0.12500
  193.0   -0.03526    0.07368
  194.0   -0.13960   -0.08085
  195.0   -0.06520   -0.01352
  196.0   -0.23295   -0.10508
  197.0   -0.04440   -0.31087
  198.0    0.06518   -0.11161
  199.0   -0.01028   -0.13441
  200.0    0.12913   -0.10316
  201.0   -0.04617    0.04337
  202.0   -0.12698   -0.21086
  203.0    0.07017   -0.21163
  204.0    0.02328   -0.16202
  205.0    0.17951   -0.25886
  206.0    0.25358    0.00216
  207.0    0.00548   -0.01195
  208.0    0.08373   -0.13953
  209.0    0.06377   -0.04587
  210.0    0.02442   -0.24134
  211.0    0.28862   -0.16707
  212.0    0.22188    0.04434
  213.0    0.16100   -0.05151
  214.0    0.17771    0.09000
  215.0   -0.03340    0.01924
  216.0    0.13808   -0.17674
  217.0    0.24497    0.00759
  218.0    0.17803   -0.02580
  219.0    0.30611    0.05712
  271.0    0.29366    0.10621
  272.0    0.02054    0.09019
  273.0    0.12991   -0.04994
  274.0    0.11889    0.05154
  275.0    0.10107   -0.12180
  276.0    0.31836   -0.03622
  277.0    0.18420    0.18439
  278.0    0.12139    0.07544
  279.0    0.15874    0.19393
  280.0   -0.07514    0.11975
  281.0    0.09945   -0.07657
  282.0    0.19444    0.11812
  283.0    0.10449    0.09262
  284.0    0.23552    0.15490
  285.0    0.02612    0.32653
  286.0   -0.12256    0.08791
  287.0    0.02905    0.08873
  288.0   -0.02900    0.10558
  289.0    0.06395   -0.01129
  290.0    0.14487    0.24555
  291.0   -0.13023    0.23002
  292.0   -0.04873    0.11511
  293.0   -0.12237    0.19147
  294.0   -0.18847   -0.04605
  295.0    0.05476   -0.00847
  296.0   -0.04911    0.16172
  297.0   -0.07621    0.05216
  298.0   -0.02543    0.19331
  299.0   -0.27802    0.09712
  300.0   -0.14130   -0.13053
  301.0   -0.07414    0.00142
  302.0   -0.11776   -0.08634
  303.0    0.07611   -0.02230
  304.0   -0.14442    0.15644
  305.0   -0.21943   -0.06988
  306.0   -0.09975   -0.07028
  307.0   -0.22283   -0.11319
  308.0   -0.03316   -0.27006
  309.0    0.11210   -0.02574
  310.0   -0.10444   -0.03459
  311.0    0.00784   -0.09790
  312.0   -0.13038   -0.00692
  313.0   -0.16179   -0.26544
  314.0    0.08925   -0.24474
  315.0    0.05556   -0.10398
  316.0    0.07843   -0.18856
  317.0    0.11588    0.01357
  318.0   -0.11017   -0.04849
  319.0    0.04918   -0.24510
  320.0    0.08368   -0.12500
  321.0    0.07051   -0.23707
  322.0    0.31760   -0.14175
  323.0    0.14685    0.07884
  324.0    0.04897   -0.08398
  325.0    0.14032   -0.02801
  326.0   -0.01154   -0.07875
  327.0    0.20146   -0.23975
  328.0    0.28990    0.00937
  329.0    0.15306    0.02280
  330.0    0.26698    0.03542
  331.0    0.07153    0.17373
  332.0   -0.00942   -0.07188
  333.0    0.23214   -0.05121
  334.0    0.15722    0.05626
  335.0    0.24022   -0.01723
  336.0    0.28390    0.23213
  337.0   -0.02377    0.20222
  338.0    0.06676    0.04024
  339.0    0.04896    0.14081
  340.0    0.01034   -0.02029
  341.0    0.25484    0.06383
  342.0    0.12232    0.27960
  343.0   -0.00662    0.14558
  344.0    0.04587    0.23214
  345.0   -0.18530    0.14867
  346.0   -0.00990   -0.05330
  347.0    0.11338    0.14438
  348.0   -0.04297    0.11836
  349.0    0.07553    0.15240
  350.0   -0.12767    0.29754
  351.0   -0.21070    0.03681
  352.0   -0.07036    0.02392
  353.0   -0.13081    0.05120
  354.0   -0.01877   -0.06615
  355.0    0.05885    0.17698
  356.0   -0.23149    0.14397
  357.0   -0.11055   -0.00064
  358.0   -0.19600    0.06737
  359.0   -0.20034   -0.16051
  360.0    0.04084   -0.11719
  361.0   -0.08550    0.06238
  362.0   -0.08691   -0.05840
  363.0   -0.08034    0.06156
  364.0   -0.27489   -0.03682
  365.0   -0.09959   -0.26114
  366.0    0.01593   -0.10872
  367.0   -0.05508   -0.17273
  368.0    0.11841   -0.10976
  369.0   -0.06719    0.06656
  370.0   -0.16665   -0.16461
  371.0    0.02422   -0.16280
  372.0   -0.09499   -0.17566
  373.0    0.09029   -0.30736
  374.0    0.21181   -0.04623
  375.0    0.00996   -0.04546
  376.0    0.08338   -0.11865
  377.0    0.00596   -0.02170
  378.0   -0.04108   -0.25811
  379.0    0.26093   -0.21427
  380.0    0.17249   -0.04230
  381.0    0.18382   -0.11812
  382.0    0.19923    0.07678
  383.0   -0.02435    0.01712
  384.0    0.13325   -0.17678
  385.0    0.20541   -0.03466
  386.0    0.14223   -0.11820
  387.0    0.37178   -0.01748
  388.0    0.17183    0.20276
  389.0    0.07926    0.02712
  390.0    0.12884    0.07075
  391.0    0.00856    0.03374
  392.0    0.20048   -0.11525
  393.0    0.30499    0.14243
  394.0    0.12278    0.15530
  395.0    0.19078    0.14118
  396.0    0.03466    0.26134
  397.0   -0.06362    0.00919
  398.0    0.14400    0.02803
  399.0    0.04607    0.14784
  400.0    0.14780    0.06671
  401.0    0.11994    0.29077
  402.0   -0.14079    0.23819
  403.0   -0.03746    0.04916
  404.0   -0.04298    0.14464
  405.0   -0.08341   -0.00899
  406.0    0.15368    0.06698
  407.0   -0.03834    0.27120
  408.0   -0.12952    0.10865
  409.0   -0.05967    0.16355
  410.0   -0.25850    0.07420
  411.0   -0.05594   -0.12955
  412.0    0.04761    0.07299
  413.0   -0.09059    0.04775
  414.0   -0.00168    0.05629
  415.0   -0.21120    0.18109
  416.0   -0.28712   -0.09157
  417.0   -0.04505   -0.10708
  418.0   -0.15317   -0.05959
  419.0    0.00824   -0.16942
  420.0    0.05459    0.06718
  421.0   -0.22642    0.02633
  422.0   -0.08766   -0.13504
  423.0   -0.14727   -0.06101
  424.0   -0.13996   -0.26547
  425.0    0.10866   -0.20580
  426.0    0.02189   -0.00865
  427.0   -0.02445   -0.13199
  428.0    0.01143   -0.02283
  429.0   -0.15139   -0.11092
  430.0    0.03309   -0.31976
  431.0    0.14622   -0.13828
  432.0    0.05470   -0.17325
  433.0    0.20404   -0.10811
  434.0    0.02628    0.06947
  435.0   -0.03829   -0.16071
  436.0    0.13542   -0.15092
  437.0    0.05189   -0.13038
  438.0    0.22685   -0.23739
  439.0    0.32205    0.03630
  440.0    0.09051    0.04208
  441.0    0.13692   -0.04419
  442.0    0.07421    0.05645
  443.0    0.02031   -0.16068
  444.0    0.32887   -0.10021
  445.0    0.22724    0.09267
  446.0    0.21884    0.01402
  447.0    0.22241    0.19074
  448.0   -0.02746    0.12500
  449.0    0.09933   -0.07368
  450.0    0.18992    0.08085
  451.0    0.10309    0.01352
  452.0    0.27122    0.10508
  453.0    0.10771    0.31087
  454.0   -0.01115    0.11161
  455.0    0.07806    0.13441
  456.0   -0.08744    0.10316
  457.0    0.12185   -0.04337
  458.0    0.20794    0.21086
  459.0   -0.04935    0.21163
  460.0    0.05670    0.16202
  461.0   -0.09407    0.25886
  462.0   -0.19724   -0.00216
  463.0    0.05364    0.01195
  464.0   -0.05521    0.13953
  465.0    0.02345    0.04587
  466.0   -0.00197    0.24134
  467.0   -0.25979    0.16707
  468.0   -0.15152   -0.04434
  469.0   -0.10599    0.05151
  470.0   -0.14290   -0.09000
  471.0    0.05849   -0.01924
  472.0   -0.09314    0.17674
  473.0   -0.19202   -0.00759
  474.0   -0.11692    0.02580
  475.0   -0.26260   -0.05712
  476.0   -0.09031   -0.25088
  477.0    0.03356   -0.03446
  478.0   -0.10487   -0.05084
  479.0   -0.00299   -0.05861
  480.0   -0.16622    0.05774
  481.0   -0.20655   -0.21218
  482.0    0.01327   -0.21630
  483.0   -0.03326   -0.13729
  484.0    0.05870   -0.23096
  485.0    0.15615    0.00631
  486.0   -0.12427   -0.03340
  487.0   -0.00099   -0.20042
  488.0    0.02198   -0.10935
  489.0   -0.00480   -0.28147
  490.0    0.23848   -0.20069
  491.0    0.12617    0.01584
  492.0    0.05608   -0.10805
  493.0    0.14656   -0.00654
  494.0   -0.06042   -0.08007
  495.0    0.11905   -0.27058
  496.0    0.26637   -0.06143
  497.0    0.16382   -0.07219
  498.0    0.28062   -0.01142
  499.0    0.10565    0.16161
  500.0    0.01811   -0.07124
  501.0    0.19241   -0.05756
  502.0    0.12864   -0.01028
  503.0    0.24487   -0.10274
  504.0    0.32386    0.17054
  505.0    0.03321    0.16910
  506.0    0.10022    0.05985
  507.0    0.05648    0.15568
  508.0    0.03193   -0.05090
  509.0    0.27395    0.01448
  510.0    0.16763    0.21400
  511.0    0.09555    0.11851
